745046
820152
1.40835e+06
2.52009e+06
4.03835e+06
5.81483e+06
7.69404e+06
9.5346e+06
1.12246e+07
1.26893e+07
1.38915e+07
1.48243e+07
1.55015e+07
1.59476e+07
1.61923e+07
1.62667e+07
1.62013e+07
1.60238e+07
1.57589e+07
1.54279e+07
1.50489e+07
1.46373e+07
1.42056e+07
1.37639e+07
1.33201e+07
1.28802e+07
1.2449e+07
1.20296e+07
1.16243e+07
1.12344e+07
1.08606e+07
1.05025e+07
1.01596e+07
9.83073e+06
9.51441e+06
9.20904e+06
8.91288e+06
8.62416e+06
8.3412e+06
8.06245e+06
7.78665e+06
7.5129e+06
7.2407e+06
6.96998e+06
6.70111e+06
6.43486e+06
6.17229e+06
5.91467e+06
5.66337e+06
5.41969e+06
5.1848e+06
